2	_ENV["MACHTYPE"]	12.2500	51	58	54.5000
2	_ENV["PROCESSOR_LEVEL"]	2550.2500	86	187	136.5000
2	Stream Filter support	27060.2500	599	928	763.5000
2	_ENV["TEMP"]	42.2500	92	105	98.5000
2	ComSpec	29412.2500	96	439	267.5000
2	TEMP	17822.2500	35	302	168.5000
2	mbstring.language	1240996.0000	53	2281	1167.0000
2	_SERVER["CommonProgramFiles"]	2.2500	74	77	75.5000
2	mssql.max_procs	0.2500	92	93	92.5000
2	mysql.default_host	2844282.2500	40	3413	1726.5000
2	_SERVER["SCRIPT_URL"]	2862.2500	50	157	103.5000
2	REMOTE_ADDR	143262.2500	1244	2001	1622.5000
2	_ENV["ALLUSERSPROFILE"]	56.2500	105	120	112.5000
2	FreeType Linkage	1677025.0000	72	2662	1367.0000
2	_ENV["CommonProgramFiles"]	100.0000	106	126	116.0000
2	HOSTTYPE	1722.2500	48	131	89.5000
2	supported databases	139129.0000	86	832	459.0000
2	com.autoregister_verbose	506.2500	192	237	214.5000
2	error_append_string	3043280.2500	35	3524	1779.5000
2	runlevel	108900.0000	125	785	455.0000
2	highlight.string	2105401.0000	324	3226	1775.0000
2	HTTP_ACCEPT	2483776.0000	75	3227	1651.0000
2	session.bug_compat_42	646416.0000	991	2599	1795.0000
2	ImageMagick version	650.2500	51	102	76.5000
2	SMTP	2640625.0000	37	3287	1662.0000
2	Regex Library	3088806.2500	42	3557	1799.5000
2	mysql.max_persistent	2879809.0000	31	3425	1728.0000
2	sendmail_from	1068122.2500	590	2657	1623.5000
2	_ENV["MAIL"]	1521.0000	130	208	169.0000
2	Interfaces	115260.2500	276	955	615.5000
2	_ENV["PROCESSOR_REVISION"]	16.0000	33	41	37.0000
2	BZip2 Version	7656.2500	770	945	857.5000
2	Stream Wrapper support	27060.2500	599	928	763.5000
2	MAIL	1681.0000	157	239	198.0000
2	_SERVER["ALLUSERSPROFILE"]	49.0000	70	84	77.0000
2	track_errors	2679769.0000	143	3417	1780.0000
2	DOM/XML API Version	1806.2500	1021	1106	1063.5000
2	safe_mode_exec_dir	1885129.0000	240	2986	1613.0000
2	SERVER_PROTOCOL	2739025.0000	74	3384	1729.0000
2	_ENV["PAGER"]	49.0000	35	49	42.0000
2	_ENV["REQUEST_URI"]	7744.0000	87	263	175.0000
2	MACHTYPE	16.0000	61	69	65.0000
2	docref_root	2925810.2500	63	3484	1773.5000
2	register_argc_argv	1257762.2500	653	2896	1774.5000
2	_SERVER["TEMP"]	225.0000	50	80	65.0000
2	<b>Configuration File (php.ini) Path</b>	9.0000	34	40	37.0000
2	allow_call_time_pass_reference	703082.2500	938	2615	1776.5000
2	session.bug_compat_warn	3036306.2500	52	3537	1794.5000
2	_ENV["REDIRECT_URL"]	702.2500	39	92	65.5000
2	SQLite Encoding	15252.2500	236	483	359.5000
2	_ENV["USERPROFILE"]	36.0000	82	94	88.0000
2	disable_functions	2336312.2500	48	3105	1576.5000
2	highlight.comment	2023506.2500	355	3200	1777.5000
2	session.gc_divisor	703921.0000	918	2596	1757.0000
2	ignore_repeated_errors	2913849.0000	73	3487	1780.0000
2	short_open_tag	2900209.0000	77	3483	1780.0000
2	_ENV["SERVER_ADMIN"]	169.0000	53	79	66.0000
2	_ENV["TMP"]	42.2500	92	105	98.5000
2	mysql.default_port	2810652.2500	76	3429	1752.5000
2	safe_mode_gid	2737370.2500	120	3429	1774.5000
2	html_errors	2977350.2500	56	3507	1781.5000
2	_ENV["SSH_TTY"]	1722.2500	58	141	99.5000
2	SystemRoot	30276.0000	96	444	270.0000
2	mbstring.http_input	1255520.2500	43	2284	1163.5000
2	_SERVER["HTTP_ACCEPT"]	2802276.0000	69	3417	1743.0000
2	_SERVER["PATHEXT"]	3080.2500	82	193	137.5000
2	_SERVER["TMP"]	225.0000	50	80	65.0000
2	HOME	1089.0000	587	653	620.0000
2	allow_url_fopen	2012142.2500	353	3190	1771.5000
2	_ENV["ORIG_SCRIPT_NAME"]	72.2500	48	65	56.5000
2	_ENV["REMOTE_ADDR"]	12210.2500	302	523	412.5000
2	com.allow_dcom	506.2500	192	237	214.5000
2	log_errors	47089.0000	1560	1994	1777.0000
2	Multibyte character support	157212.2500	39	832	435.5000
2	highlight.default	2112662.2500	324	3231	1777.5000
2	session.gc_maxlifetime	2825761.0000	38	3400	1719.0000
2	IPv6 Support	336400.0000	33	1193	613.0000
2	_ENV["ProgramFiles"]	36.0000	114	126	120.0000
2	ODBC_INCLUDE	19044.0000	77	353	215.0000
2	ORIG_SCRIPT_NAME	441.0000	41	83	62.0000
2	_SERVER["argc"]	1586340.2500	150	2669	1409.5000
2	date.sunrise_zenith	92720.2500	317	926	621.5000
2	_SERVER["PROCESSOR_LEVEL"]	2209.0000	46	140	93.0000
2	mysql.default_socket	2782224.0000	53	3389	1721.0000
2	expose_php	2193361.0000	299	3261	1780.0000
2	_ENV["CONSOLE"]	28224.0000	42	378	210.0000
2	Accept	1288225.0000	41	2311	1176.0000
2	_ENV["HOME"]	169.0000	516	542	529.0000
2	_ENV["PATHEXT"]	3660.2500	75	196	135.5000
2	LC_ALL	0.2500	49	50	49.5000
2	_ENV["RUNLEVEL"]	97032.2500	106	729	417.5000
2	PATHEXT	16129.0000	116	370	243.0000
2	TMP	17822.2500	35	302	168.5000
2	mime_magic support	280900.0000	137	1197	667.0000
2	windir	30450.2500	95	444	269.5000
2	mysql.allow_persistent	1750329.0000	435	3081	1758.0000
2	register_long_arrays	77562.2500	332	889	610.5000
2	_ENV["ClusterLog"]	49.0000	69	83	76.0000
2	<b>Server API</b>	812.2500	57	114	85.5000
2	allow_url_include	31862.2500	33	390	211.5000
2	arg_separator.output	3020644.0000	40	3516	1778.0000
2	com.autoregister_casesensitive	400.0000	192	232	212.0000
2	PAGER	240.2500	38	69	53.5000
2	dbx version	139129.0000	86	832	459.0000
2	display_errors	749090.2500	893	2624	1758.5000
2	_SERVER["ORIG_PATH_INFO"]	420.2500	46	87	66.5000
2	Virtual Directory Support	1772892.2500	440	3103	1771.5000
2	_SERVER["REMOTE_ADDR"]	160000.0000	1267	2067	1667.0000
2	enable_dl	2363906.2500	242	3317	1779.5000
2	Registered serializer handlers	47961.0000	399	837	618.0000
2	session.gc_probability	1365392.2500	615	2952	1783.5000
2	_ENV["PWD"]	73984.0000	323	867	595.0000
2	ODBC_LFLAGS	17161.0000	77	339	208.0000
2	_SERVER["argv"]	843642.2500	423	2260	1341.5000
2	date.sunset_zenith	92720.2500	317	926	621.5000
2	PROCESSOR_LEVEL	7482.2500	117	290	203.5000
2	REDIRECT_URL	272.2500	116	149	132.5000
2	SCRIPT_URL	2809.0000	47	153	100.0000
2	_ENV["HOSTTYPE"]	870.2500	47	106	76.5000
2	session.entropy_file	3048516.0000	49	3541	1795.0000
2	_ENV["LS_COLORS"]	110.2500	93	114	103.5000
2	_ENV["PATH_INFO"]	2970.2500	108	217	162.5000
2	_ENV["PROCESSOR_IDENTIFIER"]	16.0000	33	41	37.0000
2	SSL support	925444.0000	132	2056	1094.0000
2	Supported image formats	756.2500	64	119	91.5000
2	Optimization Pass 9	25.0000	420	430	425.0000
2	PATH_INFO	625.0000	128	178	153.0000
2	_SERVER["ClusterLog"]	240.2500	40	71	55.5000
2	default_charset	2802276.0000	68	3416	1742.0000
2	pgsql.allow_persistent	154449.0000	83	869	476.0000
2	USERPROFILE	15376.0000	34	282	158.0000
2	precision	2304.0000	1725	1821	1773.0000
2	mysql.connect_timeout	2096704.0000	266	3162	1714.0000
2	y2k_compliance	1547536.0000	536	3024	1780.0000
2	_SERVER["USERPROFILE"]	90.2500	61	80	70.5000
2	_ENV["LESSOPEN"]	9900.2500	31	230	130.5000
2	asp_tags	2715904.0000	131	3427	1779.0000
2	com.autoregister_typelib	506.2500	192	237	214.5000
2	LS_COLORS	506.2500	99	144	121.5000
2	mbstring.detect_order	1237656.2500	56	2281	1168.5000
2	dbx.colnames_case	15876.0000	333	585	459.0000
2	display_startup_errors	2873025.0000	87	3477	1782.0000
2	_SERVER["ORIG_SCRIPT_NAME"]	462.2500	51	94	72.5000
2	Virtual Server	280370.2500	209	1268	738.5000
2	highlight.keyword	2112662.2500	324	3231	1777.5000
2	additional .ini files parsed	1332.2500	33	106	69.5000
2	_ENV["HTTP_ACCEPT"]	163216.0000	34	842	438.0000
2	session.hash_bits_per_character	43264.0000	407	823	615.0000
2	API Version	90.2500	479	498	488.5000
2	_ENV["SERVER_PROTOCOL"]	167690.2500	35	854	444.5000
2	ODBC_LIBS	29070.2500	52	393	222.5000
2	CONSOLE	32942.2500	45	408	226.5000
2	Thread Safety	1779556.0000	440	3108	1774.0000
2	_SERVER["HTTP_X_FORWARDED_FOR"]	12.2500	33	40	36.5000
2	_SERVER["ProgramFiles"]	2.2500	74	77	75.5000
2	_SERVER["SERVER_PROTOCOL"]	2884902.2500	64	3461	1762.5000
2	ncurses library version	1936.0000	37	125	81.0000
2	session.auto_start	3055504.0000	45	3541	1793.0000
3	MYSQLI_SOCKET	7348.2222	116	323	229.6667
3	_SERVER["windir"]	2286.2222	37	153	99.6667
3	_ENV["OSTYPE"]	344.8889	47	91	65.6667
3	PWD	136248.0000	35	929	443.0000
3	_SERVER["SystemRoot"]	2286.2222	37	153	99.6667
3	OSTYPE	504.0000	48	102	78.0000
3	_SERVER["ComSpec"]	2260.6667	37	153	98.0000
3	_ENV["ComSpec"]	1194.8889	38	115	86.6667
3	Apache API Version	30258.0000	554	923	800.0000
3	MHASH API Version	62713.5556	41	640	302.3333
3	error_log	1576308.2222	99	2836	1062.6667
3	_ENV["SERVER_SOFTWARE"]	3616.8889	34	180	101.3333
3	Active Links	5525713.5556	97	5202	1880.6667
3	Path to sendmail	1421976.8889	33	2613	927.6667
3	register_globals	552482.0000	126	1719	1177.0000
3	ODBC library	28856.2222	52	429	291.3333
3	_ENV["SHELL"]	34524.2222	31	473	220.6667
3	_SERVER["NUMBER_OF_PROCESSORS"]	28.6667	56	69	62.0000
3	_SERVER["REDIRECT_URL"]	2198.0000	32	143	96.0000
3	Registered save handlers	1357094.2222	128	2786	1157.3333
3	NET-SNMP Version	1454.2222	33	125	83.6667
3	variables_order	1310936.8889	181	2785	1182.3333
3	PROCESSOR_IDENTIFIER	156.2222	34	63	51.3333
3	SSH_TTY	3042.8889	34	166	91.6667
3	Classes	159046.8889	50	955	396.3333
3	magic_quotes_gpc	1092041.5556	32	2561	1182.3333
3	_SERVER["PATH_INFO"]	11748.6667	38	301	159.0000
3	_ENV["REMOTE_HOST"]	424.6667	41	87	58.0000
3	_ENV["windir"]	1302.0000	37	115	88.0000
3	upload_tmp_dir	1307694.8889	86	2603	989.6667
3	Active Persistent Links	5701520.6667	96	5255	1880.0000
3	_ENV["LANG"]	132176.2222	100	932	424.3333
3	SHELL	47049.5556	34	553	260.6667
3	_ENV["SCRIPT_NAME"]	12976.8889	38	304	146.6667
3	Client API header version	6684.2222	48	243	132.3333
3	_ENV["SystemRoot"]	1268.2222	38	115	88.3333
3	url_rewriter.tags	330544.6667	432	1823	1191.0000
3	Multibyte regex (oniguruma) version	14514.8889	118	386	287.6667
3	NUMBER_OF_PROCESSORS	428.6667	102	149	131.0000
3	_ENV["NUMBER_OF_PROCESSORS"]	244.2222	66	104	86.3333
3	LESSOPEN	12604.2222	36	279	120.3333
3	PDFlib GmbH Version	216.8889	31	67	49.6667
3	PHP API	728869.5556	278	2329	1185.6667
3	PROCESSOR_REVISION	156.2222	34	63	51.3333
4	_ENV["INIT_VERSION"]	7114.5000	43	253	108.0000
4	Client API library version	5790.6875	34	228	100.7500
4	Registered Stream Socket Transports	95878.0000	62	836	306.0000
4	Content-Type	307404.6875	45	1477	540.2500
4	PDO Driver for MySQL, client library version	6450.1875	33	229	90.7500
4	PHP Extension	705360.5000	258	2329	884.0000
4	REMOTE_HOST	2427.5000	102	216	150.0000
4	INIT_VERSION	7853.1875	44	268	116.2500
4	LANG	137949.1875	34	976	349.7500
4	IMAP c-Client Version	135826.2500	52	964	428.5000
4	output_buffering	749724.6875	129	2318	873.2500
4	Timezone Database Version	21975.6875	33	404	231.2500
4	DOCUMENT_ROOT	1248.1875	44	136	76.2500
4	Sablotron Information	633.1875	34	100	59.7500
4	MYSQL_MODULE_TYPE	1082558.2500	47	2567	774.5000
4	HTTP Request	18749.0000	45	369	204.0000
4	session.use_trans_sid	512571.5000	39	1904	893.0000
4	PHP_SELF	31956.5000	36	491	217.0000
4	Server Administrator	1538.0000	39	145	99.0000
4	Connection	43745.1875	31	516	153.7500
4	_SERVER["DOCUMENT_ROOT"]	1240.2500	44	136	76.5000
4	MYSQL_SOCKET	173492.1875	53	1154	749.7500
4	Apache Version	17198.7500	48	366	139.5000
4	mbstring.internal_encoding	330252.7500	40	1430	573.5000
4	safe_mode	1510261.1875	65	3004	890.2500
4	_SERVER["REMOTE_HOST"]	2528.1875	101	213	153.2500
4	Loaded Modules	3120.7500	31	163	83.5000
5	_ENV["TERM"]	30645.8400	47	466	211.4000
5	iconv implementation	473016.6400	34	1852	489.6000
5	zend_version	695162.9600	68	2338	703.8000
5	TERM	36097.8400	62	505	240.4000
5	FreeType Version	15050.6400	46	329	175.4000
5	max_input_time	806254.9600	57	2384	673.2000
5	Zend Extension	143935.7600	278	1197	710.8000
5	Sablotron Version	2300.2400	32	163	104.4000
5	_ENV["SHLVL"]	66111.4400	37	689	336.6000
6	SHLVL	77030.1389	36	722	317.8333
6	mime_magic.magicfile	74878.9167	31	803	210.5000
6	_SERVER["PHP_SELF"]	81235.8056	38	770	262.1667
6	_SERVER["SERVER_ADMIN"]	5043.5556	33	225	105.3333
6	EXPAT Version	188682.2222	42	1290	385.6667
6	MYSQL_INCLUDE	396986.4722	53	1840	473.8333
6	_ENV["_"]	20252.0000	54	417	229.0000
6	Vendor Version	6103.1389	38	236	109.1667
6	REQUEST_URI	48791.4722	34	591	213.8333
6	GD Version	523301.5556	34	1999	505.3333
6	sendmail_path	170730.2500	52	1107	523.5000
6	_SERVER["REQUEST_URI"]	54154.9167	34	619	223.5000
6	SERVER_ADMIN	4295.4722	31	206	100.8333
6	_	19779.8056	64	424	249.1667
6	session.save_path	223822.8889	86	1519	480.6667
6	Timeouts	219810.2222	32	1345	319.3333
6	Registered Stream Filters	25096.4722	38	484	139.1667
6	Server API	238048.8056	39	1465	591.8333
7	_SERVER["SERVER_SOFTWARE"]	31874.2041	34	562	152.7143
7	User/Group	36173.9184	49	535	229.2857
7	SQLite Library	17860.9796	42	452	150.1429
7	SCRIPT_NAME	62934.1224	38	697	218.1429
7	SERVER_SOFTWARE	31232.4898	34	557	152.2857
7	Supported handlers	54123.4286	31	737	203.0000
7	Default timezone	9683.6327	47	330	108.7143
7	RCS Version	3971.5510	59	244	132.1429
7	error_reporting	479685.8367	37	2128	479.1429
7	_SERVER["SCRIPT_NAME"]	68852.8163	38	729	225.5714
7	PDO drivers	1986.2041	31	144	75.2857
8	Scan this dir for additional .ini files	23996.7344	33	532	143.6250
8	max_execution_time	661881.5000	43	2548	402.0000
8	PECL Module version	3232.7500	44	214	125.5000
8	PostgreSQL(libpq) Version	1492.2344	31	154	66.6250
8	Apache Release	7380.2344	35	284	106.3750
8	libxml2 Version	6106.3594	35	266	129.1250
8	libxslt compiled against libxml Version	5153.5000	49	234	121.0000
9	libxslt Version	2703.5062	37	174	112.7778
9	Server Root	32777.7778	43	550	210.3333
9	CURL Information	8223.7284	45	315	118.2222
9	libexslt Version	2264.4444	33	171	102.6667
9	Configure Command	3252.5432	31	212	78.8889
9	zend	15216.1728	55	467	154.2222
9	MYSQL_LIBS	133460.0247	36	1215	312.5556
9	Compiled Version	78729.8765	55	829	381.8889
10	EXIF Version	24159.0900	50	555	194.9000
10	_SERVER["PATH"]	63816.8400	37	827	231.6000
10	_ENV["PATH"]	54376.0500	34	757	212.5000
10	Linked Version	167841.8000	32	1389	344.0000
10	Max Requests	60763.4100	31	884	170.7000
10	Build Date	463.3600	32	108	46.2000
11	memory_limit	26637.1405	31	474	156.3636
12	iconv library version	35710.5833	36	604	193.5000
12	include_path	30813.4722	34	562	197.1667
13	Configuration File (php.ini) Path	27681.1479	31	603	187.9231
13	Registered PHP Streams	70985.7160	37	923	254.2308
13	post_max_size	404845.7515	31	2449	246.6923
13	PCRE Library Version	91741.6331	31	1060	267.5385
15	OpenSSL Version	32489.0400	33	677	154.4000
15	upload_max_filesize	178577.7956	35	1781	212.9333
16	extension_dir	38981.0898	35	867	161.3125
17	PATH	132139.2388	34	1250	251.2353
17	libxml Version	22665.4187	31	532	171.4118
19	X-Powered-By	2101.5845	37	174	96.6842
27	Client API Version	15782.4554	32	575	121.3704
30	Revision	32528.4233	32	743	200.1000
35	Version	26411.6441	36	885	164.3143
